<?xml version="1.0" encoding="utf-8"?>
<opencv_storage>
   <crfMat type_id="opencv-matrix">
      <rows>1</rows>
      <cols>100</cols>
      <dt>"3f"</dt>
      <data>2.2204e-016 2.2204e-016 2.2204e-016 0.001903 0.0063213 0.0014473 0.0043276 0.011559 0.0042556 0.0069556 0.016696 0.0071825 0.009707 0.021738 0.010331 0.012587 0.026679 0.013691 0.015608 0.031541 0.017219 0.01884 0.036433 0.020956 0.02226 0.041394 0.024883 0.025734 0.046255 0.028758 0.029365 0.051113 0.032841 0.033148 0.05607 0.03706 0.037107 0.061147 0.041433 0.041105 0.066264 0.045714 0.045228 0.071449 0.050109 0.049521 0.076763 0.054679 0.053906 0.082092 0.059308 0.058403 0.087509 0.063952 0.063036 0.09301 0.068726 0.067771 0.098557 0.073551 0.072685 0.1043 0.078582 0.077803 0.11025 0.083798 0.082997 0.11611 0.089133 0.088234 0.12193 0.09451 0.093594 0.12785 0.099999 0.099082 0.13385 0.10565 0.10461 0.13969 0.11142 0.11028 0.14566 0.11732 0.11612 0.15163 0.12366 0.12203 0.15745 0.13018 0.12798 0.16326 0.1367 0.13406 0.16919 0.14337 0.14028 0.1754 0.15002 0.14659 0.1818 0.15656 0.15306 0.18834 0.16324 0.15964 0.19495 0.16996 0.16629 0.20152 0.1767 0.17308 0.20816 0.18352 0.17998 0.21481 0.19041 0.18695 0.22143 0.19734 0.19401 0.22808 0.20444 0.20119 0.23482 0.21164 0.20845 0.24155 0.21898 0.21587 0.24839 0.2265 0.22343 0.25532 0.23416 0.23104 0.26209 0.24195 0.23872 0.26877 0.24986 0.24652 0.27545 0.25789 0.25446 0.28222 0.26602 0.26253 0.28911 0.2741 0.27072 0.29614 0.2821 0.27907 0.3031 0.29039 0.28747 0.30961 0.299 0.29588 0.31528 0.30828 0.30446 0.32125 0.31755 0.31325 0.32814 0.32629 0.3222 0.33552 0.33477 0.33134 0.34326 0.34323 0.34068 0.35128 0.35174 0.35021 0.3595 0.36033 0.35994 0.36791 0.36902 0.36986 0.37642 0.37765 0.37985 0.38479 0.38606 0.38997 0.39294 0.39457 0.40026 0.40118 0.40358 0.41079 0.40962 0.41315 0.42143 0.41803 0.42295 0.43223 0.42669 0.43285 0.44329 0.43578 0.44284 0.4546 0.44509 0.45319 0.46614 0.45431 0.46429 0.47794 0.46326 0.47644 0.48996 0.47183 0.48985 0.50234 0.48145 0.50272 0.51505 0.49243 0.51446 0.52803 0.50438 0.52555 0.54136 0.51715 0.53653 0.55509 0.53079 0.5476 0.56913 0.54516 0.55869 0.58349 0.56018 0.56993 0.59827 0.57598 0.58155 0.61344 0.59247 0.5936 0.62894 0.60953 0.60613 0.64489 0.62728 0.61943 0.66124 0.64554 0.6336 0.67798 0.66433 0.6486 0.69525 0.68388 0.66461 0.71301 0.70392 0.68186 0.73125 0.72409 0.70074 0.75005 0.74462 0.72132 0.76947 0.76538 0.74402 0.78952 0.78605 0.76934 0.81039 0.80717 0.79719 0.83218 0.82919 0.82728 0.85499 0.85228 0.85923 0.87908 0.87719 0.8919 0.90484 0.90403 0.92598 0.93254 0.93248 0.96002 0.96311 0.96302 0.99154 1 1 1</data>
   </crfMat>
</opencv_storage>